
                  X             Displacement          Force      

                0.                 0.                 3.22984    
              100.007E-06         31.0005E-03         1.11364E+03
              200.006E-06         62.0038E-03         2.24424E+03
              300.006E-06         92.9936E-03         3.42934E+03
              400.001E-06        124.006E-03          4.39985E+03
              500.014E-06        155.041E-03          5.63424E+03
              600.E-06           186.012E-03          6.6664E+03 
              700.001E-06        216.989E-03          7.23997E+03
              800.002E-06        247.965E-03          7.69649E+03
              900.003E-06        278.892E-03          8.06201E+03
                1.E-03           309.817E-03          8.40751E+03
                1.1E-03          340.742E-03          8.72941E+03
                1.2E-03          371.667E-03          8.99708E+03
                1.30001E-03      402.592E-03          9.2121E+03 
                1.40001E-03      433.517E-03          9.41696E+03
                1.50001E-03      464.442E-03          9.59566E+03
                1.60001E-03      495.367E-03          9.74193E+03
                1.70001E-03      526.292E-03          9.8742E+03 
                1.80001E-03      557.217E-03          9.97885E+03
                1.90001E-03      588.142E-03         10.0709E+03 
                2.00001E-03      619.184E-03         10.1217E+03 
                2.10001E-03      650.356E-03         10.1656E+03 
                2.2E-03          681.529E-03         10.1788E+03 
                2.30001E-03      712.706E-03         10.1766E+03 
                2.4E-03          743.879E-03         10.1595E+03 
                2.50001E-03      775.056E-03         10.1329E+03 
                2.60001E-03      806.228E-03         10.1005E+03 
                2.7E-03          837.401E-03         10.0648E+03 
                2.80001E-03      868.578E-03         10.0265E+03 
                2.90001E-03      899.75E-03           9.98646E+03
                3.E-03           930.923E-03          9.94481E+03
                3.10001E-03      962.1E-03            9.90209E+03
                3.20001E-03      993.272E-03          9.85746E+03
                3.3E-03            1.0243             9.81143E+03
                3.40001E-03        1.05527            9.76384E+03
                3.5E-03            1.08624            9.71425E+03
                3.60001E-03        1.11721            9.66173E+03
                3.70001E-03        1.14818            9.60623E+03
                3.8E-03            1.17914            9.54783E+03
                3.90001E-03        1.21011            9.48676E+03
                4.00001E-03        1.24108            9.42249E+03
                4.1E-03            1.27205            9.35486E+03
                4.20001E-03        1.30302            9.28373E+03
                4.30001E-03        1.33398            9.20913E+03
                4.4E-03            1.36495            9.13101E+03
                4.50001E-03        1.39592            9.04929E+03
                4.6E-03            1.42669            8.96463E+03
                4.70001E-03        1.45793            8.87556E+03
                4.80001E-03        1.48872            8.78383E+03
                4.9E-03            1.51993            8.68767E+03
                5.00001E-03        1.55066            8.58891E+03
                5.1E-03            1.58193            8.48526E+03
                5.20001E-03        1.61274            8.37941E+03
                5.30001E-03        1.64393            8.26887E+03
                5.40001E-03        1.67472            8.15687E+03
                5.5E-03            1.70593            8.0408E+03 
                5.6E-03            1.73679            7.92367E+03
                5.7E-03            1.76793            7.8025E+03 
                5.80001E-03        1.79874            7.68105E+03
                5.90001E-03        1.82994            7.5565E+03 
                6.00001E-03        1.86072            7.43273E+03
                6.10001E-03        1.89199            7.30686E+03
                6.20001E-03        1.92265            7.18372E+03
                6.3E-03            1.95401            7.05797E+03
                6.4E-03            1.98475            6.93565E+03
                6.5E-03            2.01601            6.81245E+03
                6.6E-03            2.04686            6.69151E+03
                6.7E-03            2.07781            6.57289E+03
                6.80001E-03        2.10898            6.45445E+03
                6.9E-03            2.13969            6.34108E+03
                7.E-03             2.17094            6.22864E+03
                7.10001E-03        2.20193            6.12061E+03
                7.2E-03            2.23262            6.01883E+03
                7.3E-03            2.26389            5.91751E+03
                7.4E-03            2.29518            5.82146E+03
                7.5E-03            2.32532            5.7315E+03 
                7.60001E-03        2.35695            5.64319E+03
                7.7E-03            2.38822            5.55955E+03
                7.8E-03            2.41834            5.47934E+03
                7.9E-03            2.4501             5.40011E+03
                8.E-03             2.48147            5.32496E+03
                8.1E-03            2.51187            5.25432E+03
                8.20001E-03        2.54227            5.18644E+03
                8.3E-03            2.57228            5.12244E+03
                8.4E-03            2.6014             5.06024E+03
                8.5E-03            2.63344            5.02617E+03
                8.6E-03            2.66499            5.01433E+03
                8.7E-03            2.69485            5.00152E+03
                8.8E-03            2.72472            4.99089E+03
                8.9E-03            2.75459            4.97324E+03
                9.E-03             2.78445            4.95101E+03
                9.1E-03            2.81329            4.93294E+03
                9.2E-03            2.84142            4.91653E+03
                9.3E-03            2.8747             4.89444E+03
                9.4E-03            2.90798            4.86546E+03
                9.5E-03            2.94126            4.85184E+03
                9.6E-03            2.97454            4.81462E+03
                9.7E-03            3.0072             4.79536E+03
                9.8E-03            3.03792            4.77533E+03
                9.9E-03            3.06864            4.74495E+03
               10.E-03             3.09936            4.71713E+03




